{
  "advancedEditorSelectedIdentifier" : "ProjectBrowser",
  "openSceneRelativePaths" : [
    "Immersive.usda",
    "Controls.usda"
  ],
  "recentIdentifiers" : {
    "41813AF7-5436-4DAC-921B-139CA80F4CAD" : [

    ],
    "C6A7F375-BFE9-46E0-9EA6-1A6B150F43FD" : [

    ]
  },
  "sceneCameraHistory" : {
    "41813AF7-5436-4DAC-921B-139CA80F4CAD" : [
      {
        "date" : 762816305.275923,
        "title" : "Untitled",
        "transform" : [
          1,
          0,
          0,
          0,
          0,
          0.7071069,
          -0.70710677,
          0,
          0,
          0.70710677,
          0.7071069,
          0,
          -0.34688324,
          1.4363488,
          1.0255605,
          1
        ]
      },
      {
        "date" : 762816272.064409,
        "title" : "Untitled",
        "transform" : [
          1,
          0,
          0,
          0,
          0,
          0.7071069,
          -0.70710677,
          0,
          0,
          0.70710677,
          0.7071069,
          0,
          -0.32920384,
          1.2577256,
          1.2041842,
          1
        ]
      },
      {
        "date" : 762816262.554495,
        "title" : "Untitled",
        "transform" : [
          1,
          0,
          0,
          0,
          0,
          0.7071069,
          -0.70710677,
          0,
          0,
          0.70710677,
          0.7071069,
          0,
          -0.3986232,
          1.0673261,
          1.3945838,
          1
        ]
      },
      {
        "date" : 762816256.084119,
        "title" : "Untitled",
        "transform" : [
          1,
          0,
          0,
          0,
          0,
          0.7071069,
          -0.70710677,
          0,
          0,
          0.70710677,
          0.7071069,
          0,
          -0.29862326,
          1.3148146,
          1.1470958,
          1
        ]
      },
      {
        "date" : 762816243.412423,
        "title" : "Untitled",
        "transform" : [
          1,
          0,
          0,
          0,
          0,
          0.7071069,
          -0.70710677,
          0,
          0,
          0.70710677,
          0.7071069,
          0,
          -0.27548474,
          1.4397649,
          1.0221454,
          1
        ]
      },
      {
        "date" : 762816219.625534,
        "title" : "Untitled",
        "transform" : [
          1,
          0,
          0,
          0,
          0,
          0.7071069,
          -0.70710677,
          0,
          0,
          0.70710677,
          0.7071069,
          0,
          -0.2026292,
          1.2237887,
          1.2381213,
          1
        ]
      },
      {
        "date" : 762816192.924629,
        "title" : "Untitled",
        "transform" : [
          1,
          0,
          0,
          0,
          0,
          0.7071069,
          -0.70710677,
          0,
          0,
          0.70710677,
          0.7071069,
          0,
          -0.092629164,
          1.3934948,
          1.0684155,
          1
        ]
      },
      {
        "date" : 762816149.925303,
        "title" : "Untitled",
        "transform" : [
          1,
          0,
          0,
          0,
          0,
          0.7071069,
          -0.70710677,
          0,
          0,
          0.70710677,
          0.7071069,
          0,
          -0.18836293,
          1.5288814,
          0.93302906,
          1
        ]
      },
      {
        "date" : 762816146.207897,
        "title" : "Untitled",
        "transform" : [
          1,
          0,
          0,
          0,
          0,
          0.7071069,
          -0.70710677,
          0,
          0,
          0.70710677,
          0.7071069,
          0,
          -0.11234048,
          1.4591984,
          1.0027124,
          1
        ]
      },
      {
        "date" : 762816143.687286,
        "title" : "Untitled",
        "transform" : [
          1,
          0,
          0,
          0,
          0,
          0.7071069,
          -0.70710677,
          0,
          0,
          0.70710677,
          0.7071069,
          0,
          -0.11234048,
          2.0570345,
          1.6005483,
          1
        ]
      }
    ],
    "C6A7F375-BFE9-46E0-9EA6-1A6B150F43FD" : [
      {
        "date" : 762814312.471626,
        "title" : "Untitled",
        "transform" : [
          1,
          0,
          0,
          0,
          0,
          0.7071069,
          -0.70710677,
          0,
          0,
          0.70710677,
          0.7071069,
          0,
          -0.14698794,
          1.3249986,
          -0.019959927,
          1
        ]
      },
      {
        "date" : 762814285.710391,
        "title" : "Untitled",
        "transform" : [
          1,
          0,
          0,
          0,
          0,
          0.7071069,
          -0.70710677,
          0,
          0,
          0.70710677,
          0.7071069,
          0,
          -0.8236994,
          2.488827,
          1.168756,
          1
        ]
      },
      {
        "date" : 762814275.521315,
        "title" : "Untitled",
        "transform" : [
          1,
          0,
          0,
          0,
          0,
          0.7071069,
          -0.70710677,
          0,
          0,
          0.70710677,
          0.7071069,
          0,
          -0.77235144,
          2.8065183,
          0.85106516,
          1
        ]
      },
      {
        "date" : 762814226.770387,
        "title" : "Untitled",
        "transform" : [
          1,
          0,
          0,
          0,
          0,
          0.7071069,
          -0.70710677,
          0,
          0,
          0.70710677,
          0.7071069,
          0,
          -0.5004441,
          3.1665103,
          0.49107313,
          1
        ]
      },
      {
        "date" : 762814222.146026,
        "title" : "Untitled",
        "transform" : [
          1,
          0,
          0,
          0,
          0,
          0.7071069,
          -0.70710677,
          0,
          0,
          0.70710677,
          0.7071069,
          0,
          -0.58602995,
          3.0640996,
          0.59348214,
          1
        ]
      },
      {
        "date" : 762814204.950779,
        "title" : "Untitled",
        "transform" : [
          1,
          0,
          0,
          0,
          0,
          0.7071069,
          -0.70710677,
          0,
          0,
          0.70710677,
          0.7071069,
          0,
          -0.5166031,
          3.2768226,
          0.38075876,
          1
        ]
      }
    ]
  },
  "sceneViewportBackgroundColors" : {

  },
  "selectedSceneRelativePath" : "Controls.usda"
}